13 0.433805418719212 0.498768472906404 0.36884236453202 0.191297208538588
16 0.946428571428572 0.815270935960591 0.0677339901477833 0.170771756978654
16 0.927339901477833 0.820607553366174 0.062807881773399 0.171592775041051
16 0.9064039408867 0.827586206896552 0.0665024630541872 0.177339901477833
16 0.883620689655172 0.830459770114943 0.0591133004926108 0.181444991789819
16 0.864839901477833 0.833333333333333 0.0597290640394089 0.185550082101806
16 0.846059113300493 0.838259441707718 0.0554187192118227 0.183908045977012
16 0.826662561576355 0.842364532019705 0.0548029556650246 0.185550082101806
16 0.80942118226601 0.846059113300493 0.0609605911330049 0.188013136288998
16 0.788485221674877 0.849343185550082 0.0609605911330049 0.186371100164204
16 0.758928571428571 0.852627257799672 0.0683497536945813 0.188013136288998