18 0.0326354679802956 0.392036124794745 0.0640394088669951 0.389983579638752
18 0.103756157635468 0.397783251231527 0.0966748768472906 0.383415435139573
18 0.202894088669951 0.397372742200328 0.105295566502463 0.38752052545156
18 0.306650246305419 0.397783251231527 0.114532019704433 0.389983579638752
18 0.400554187192118 0.401067323481117 0.0942118226600985 0.386699507389163
18 0.491379310344828 0.405582922824302 0.0972906403940887 0.380952380952381
18 0.578817733990148 0.40311986863711 0.109605911330049 0.38752052545156
18 0.682881773399015 0.403530377668309 0.102216748768473 0.389983579638752
18 0.774322660098522 0.403940886699507 0.0917487684729064 0.390804597701149
18 0.866995073891626 0.405582922824302 0.0899014778325123 0.392446633825944
18 0.955972906403941 0.38423645320197 0.0880541871921182 0.438423645320197