18 0.38115763546798 0.0681444991789819 0.102216748768473 0.134646962233169
18 0.488300492610837 0.0665024630541872 0.0972906403940887 0.133004926108374
18 0.592672413793103 0.0681444991789819 0.0991379310344828 0.134646962233169
8 0.0994458128078818 0.222085385878489 0.197660098522168 0.263546798029557
0 0.0452586206896552 0.732758620689655 0.0905172413793104 0.281609195402299
0 0.14070197044335 0.739737274220033 0.141009852216749 0.310344827586207
14 0.517857142857143 0.600164203612479 0.270935960591133 0.704433497536946
6 0.756465517241379 0.522988505747126 0.113916256157635 0.211822660098522
6 0.764778325123153 0.786124794745484 0.120689655172414 0.215927750410509
6 0.761083743842365 0.272167487684729 0.141625615763547 0.225779967159278
6 0.738300492610838 0.0660919540229885 0.113300492610837 0.128899835796388
6 0.771243842364532 0.947865353037767 0.157019704433498 0.104269293924466