14 0.502770935960591 0.678571428571429 0.307266009852217 0.641215106732348
8 0.123768472906404 0.464696223316913 0.246305418719212 0.292282430213465
6 0.621613300492611 0.274220032840722 0.123768472906404 0.200328407224959
6 0.643472906403941 0.472906403940887 0.103448275862069 0.208538587848933
6 0.660406403940887 0.708538587848933 0.0966748768472906 0.236453201970443
6 0.685652709359606 0.917487684729064 0.11884236453202 0.165024630541872
6 0.782327586206897 0.0755336617405583 0.0782019704433498 0.149425287356322
6 0.808189655172414 0.288587848932677 0.0855911330049261 0.189655172413793
6 0.82512315270936 0.486453201970443 0.0899014778325123 0.196223316912972
6 0.862992610837439 0.702791461412151 0.102832512315271 0.203612479474548
6 0.876539408866995 0.915024630541872 0.0905172413793104 0.165024630541872