15 0.49384236453202 0.293103448275862 0.435960591133005 0.58128078817734
2 0.11237684729064 0.119868637110016 0.224753694581281 0.236453201970443
18 0.0726600985221675 0.668308702791461 0.0677339901477833 0.152709359605911
18 0.122536945812808 0.667898193760263 0.0640394088669951 0.148604269293924
18 0.174261083743842 0.66871921182266 0.0640394088669951 0.150246305418719
0 0.236453201970443 0.676518883415435 0.0886699507389163 0.178981937602627
6 0.107450738916256 0.895320197044335 0.0966748768472906 0.105911330049261
6 0.185652709359606 0.89696223316913 0.0818965517241379 0.107553366174056
6 0.254618226600985 0.897783251231527 0.0794334975369458 0.11247947454844
6 0.403940886699507 0.905582922824302 0.0726600985221675 0.139573070607553
6 0.476908866995074 0.902709359605911 0.0732758620689655 0.128899835796388
6 0.551108374384237 0.900656814449918 0.0751231527093596 0.123152709359606