15 0.370381773399015 0.613300492610837 0.11884236453202 0.371100164203613
15 0.49384236453202 0.61247947454844 0.0960591133004926 0.364532019704434
15 0.612684729064039 0.617405582922824 0.100985221674877 0.366174055829228
15 0.730295566502463 0.619868637110016 0.118226600985222 0.369458128078818
18 0.358374384236453 0.0952380952380952 0.0665024630541872 0.188834154351396
18 0.408559113300493 0.0964696223316913 0.062192118226601 0.186371100164204
18 0.463669950738916 0.0944170771756979 0.0603448275862069 0.183908045977012
18 0.517549261083744 0.0935960591133005 0.0572660098522167 0.180623973727422
18 0.56865763546798 0.0944170771756979 0.0535714285714286 0.182266009852217
18 0.626539408866995 0.0940065681444992 0.062192118226601 0.181444991789819
18 0.681034482758621 0.0956486042692939 0.0677339901477833 0.183087027914614
18 0.738916256157636 0.0940065681444992 0.0726600985221675 0.186371100164204
18 0.794642857142857 0.0935960591133005 0.0806650246305419 0.187192118226601
18 0.852524630541872 0.09688013136289 0.0880541871921182 0.185550082101806