1 0.116071428571429 0.664203612479475 0.203817733990148 0.525451559934319
1 0.251231527093596 0.663793103448276 0.183497536945813 0.529556650246305
1 0.370073891625616 0.667077175697865 0.140394088669951 0.532840722495895
1 0.504310344827586 0.662972085385878 0.140394088669951 0.527914614121511
1 0.592980295566502 0.649425287356322 0.0899014778325123 0.458128078817734
1 0.6564039408867 0.64696223316913 0.0812807881773399 0.454844006568145
1 0.716133004926108 0.645320197044335 0.082512315270936 0.448275862068966
1 0.773706896551724 0.644909688013136 0.0892857142857143 0.452380952380952
1 0.83128078817734 0.645730706075534 0.0972906403940887 0.452380952380952
1 0.88762315270936 0.64367816091954 0.102832512315271 0.45320197044335
1 0.944273399014778 0.644499178981938 0.102832512315271 0.458128078817734