1 0.0822044334975369 0.44991789819376 0.137315270935961 0.576354679802956
1 0.160098522167488 0.448686371100164 0.133004926108374 0.578817733990148
1 0.242610837438424 0.449096880131363 0.131773399014778 0.57799671592775
1 0.323583743842365 0.448686371100164 0.123768472906404 0.577175697865353
1 0.395628078817734 0.447454844006568 0.100369458128079 0.57799671592775
1 0.472906403940887 0.446633825944171 0.0862068965517241 0.58128078817734
1 0.552339901477833 0.446633825944171 0.0911330049261084 0.579638752052545
1 0.634852216748768 0.448686371100164 0.102216748768473 0.580459770114943
1 0.71551724137931 0.450738916256158 0.113300492610837 0.582922824302135
1 0.790948275862069 0.44991789819376 0.123768472906404 0.586206896551724
1 0.869150246305419 0.44991789819376 0.136083743842365 0.584564860426929
1 0.937192118226601 0.420361247947455 0.125615763546798 0.525451559934319