1 0.0717364532019704 0.779967159277504 0.142241379310345 0.440065681444992
1 0.128386699507389 0.782019704433498 0.157019704433498 0.435960591133005
1 0.201662561576355 0.7811986863711 0.136083743842365 0.4376026272578
1 0.275246305418719 0.776272577996716 0.119458128078818 0.447454844006568
1 0.347906403940887 0.780788177339901 0.100985221674877 0.438423645320197
1 0.42179802955665 0.781609195402299 0.0849753694581281 0.436781609195402
1 0.502155172413793 0.7811986863711 0.0806650246305419 0.4376026272578
1 0.617302955665025 0.783661740558292 0.175492610837438 0.431034482758621
1 0.70935960591133 0.784072249589491 0.124384236453202 0.431855500821018
1 0.786637931034483 0.784072249589491 0.128694581280788 0.430213464696223
1 0.857450738916256 0.785303776683087 0.121305418719212 0.429392446633826
1 0.925800492610838 0.78448275862069 0.129926108374384 0.431034482758621