1 0.384852216748769 0.712233169129721 0.129310344827586 0.458949096880131
1 0.506465517241379 0.709770114942529 0.0683497536945813 0.457307060755337
1 0.563115763546798 0.710591133004926 0.0769704433497537 0.460591133004926
1 0.617610837438424 0.709770114942529 0.0886699507389163 0.462233169129721
1 0.674261083743842 0.708538587848933 0.0985221674876847 0.463054187192118
1 0.728448275862069 0.710180623973727 0.109605911330049 0.469622331691297
1 0.782019704433498 0.710591133004926 0.11576354679803 0.473727422003284
1 0.832512315270936 0.711001642036125 0.133004926108374 0.476190476190476
1 0.883620689655172 0.710591133004926 0.144088669950739 0.477011494252874
1 0.929187192118227 0.669129720853859 0.141625615763547 0.389162561576355
6 0.165024630541872 0.682266009852217 0.270935960591133 0.249589490968801