6 0.244150246305419 0.636288998357964 0.180418719211823 0.220032840722496
1 0.46243842364532 0.697454844006568 0.100985221674877 0.40311986863711
1 0.556650246305419 0.697454844006568 0.0997536945812808 0.4064039408867
1 0.65301724137931 0.700738916256158 0.111453201970443 0.404761904761905
1 0.744458128078818 0.700328407224959 0.118226600985222 0.407224958949097
1 0.833128078817734 0.700738916256158 0.0701970443349754 0.408045977011494
1 0.882081280788177 0.6876026272578 0.0548029556650246 0.380131362889984
1 0.926724137931034 0.676929392446634 0.0689655172413793 0.358784893267652
18 0.98121921182266 0.0788177339901478 0.0375615763546798 0.083743842364532
18 0.949199507389162 0.0779967159277504 0.0523399014778325 0.0886699507389163
18 0.901785714285714 0.0767651888341543 0.0597290640394089 0.0812807881773399
18 0.854679802955665 0.0697865353037767 0.0541871921182266 0.0853858784893268
18 0.809113300492611 0.0669129720853859 0.0517241379310345 0.0878489326765189
18 0.763854679802956 0.0665024630541872 0.0523399014778325 0.0821018062397373
18 0.71551724137931 0.0611658456486043 0.0517241379310345 0.0845648604269294
18 0.668103448275862 0.0566502463054187 0.0492610837438424 0.083743842364532
18 0.62192118226601 0.0533661740558292 0.0455665024630542 0.0853858784893268
18 0.573891625615764 0.0504926108374384 0.041871921182266 0.0845648604269294
18 0.527093596059113 0.0513136288998358 0.0357142857142857 0.0878489326765189
18 0.479064039408867 0.0447454844006568 0.0320197044334975 0.0829228243021347
18 0.431958128078818 0.0435139573070608 0.0387931034482759 0.0853858784893268
18 0.385467980295567 0.041871921182266 0.0431034482758621 0.0821018062397373
18 0.338977832512315 0.0422824302134647 0.0511083743842365 0.0845648604269294