1 0.0899014778325123 0.679392446633826 0.179802955665025 0.475369458128079
1 0.202894088669951 0.678981937602627 0.191502463054187 0.477832512315271
1 0.333435960591133 0.683908045977011 0.16564039408867 0.48440065681445
1 0.470751231527094 0.690886699507389 0.147167487684729 0.470443349753695
1 0.569581280788177 0.692118226600985 0.083743842364532 0.476190476190476
1 0.636083743842365 0.69376026272578 0.0935960591133005 0.474548440065681
1 0.697660098522167 0.693349753694581 0.104679802955665 0.473727422003284
1 0.765394088669951 0.693349753694581 0.102216748768473 0.473727422003284
1 0.826354679802956 0.693349753694581 0.108374384236453 0.472085385878489
1 0.89070197044335 0.695812807881773 0.113916256157635 0.478653530377668
1 0.945197044334975 0.692528735632184 0.109605911330049 0.477011494252874