2 0.494150246305419 0.121510673234811 0.106527093596059 0.236453201970443
1 0.463054187192118 0.694170771756979 0.100985221674877 0.399835796387521
1 0.55942118226601 0.694581280788177 0.107758620689655 0.402298850574713
1 0.651169950738916 0.694581280788177 0.116379310344828 0.403940886699507
1 0.741687192118227 0.694991789819376 0.121305418719212 0.4064039408867
1 0.830972906403941 0.694991789819376 0.126231527093596 0.409688013136289
1 0.921490147783251 0.69376026272578 0.142241379310345 0.412151067323481
1 0.880849753694581 0.127257799671593 0.116379310344828 0.229885057471264
1 0.802647783251232 0.12807881773399 0.104064039408867 0.221674876847291
1 0.741071428571429 0.126847290640394 0.083128078817734 0.222495894909688
1 0.663177339901478 0.122331691297209 0.0911330049261084 0.231527093596059
1 0.591440886699507 0.126847290640394 0.0892857142857143 0.225779967159278