1 0.083435960591133 0.713054187192118 0.164408866995074 0.483579638752053
1 0.191194581280788 0.713464696223317 0.193965517241379 0.48440065681445
1 0.320504926108374 0.71264367816092 0.160714285714286 0.494252873563218
1 0.429495073891626 0.706075533661741 0.0732758620689655 0.487684729064039
1 0.501539408866995 0.705254515599343 0.0732758620689655 0.489326765188834
1 0.567426108374384 0.704433497536946 0.08435960591133 0.492610837438424
1 0.631773399014778 0.703612479474549 0.0972906403940887 0.486042692939245
1 0.698583743842365 0.69991789819376 0.106527093596059 0.480295566502463
1 0.763546798029557 0.696633825944171 0.108374384236453 0.481937602627258
1 0.827278325123153 0.697865353037767 0.115147783251232 0.477832512315271
1 0.891933497536946 0.696633825944171 0.122536945812808 0.478653530377668