1 0.114532019704433 0.657224958949097 0.205665024630542 0.485221674876847
1 0.243534482758621 0.6564039408867 0.179187192118227 0.486863711001642
1 0.375307881773399 0.654761904761905 0.142241379310345 0.483579638752053
1 0.515394088669951 0.653940886699507 0.141625615763547 0.472085385878489
1 0.600677339901478 0.646551724137931 0.0954433497536946 0.470443349753695
1 0.675800492610838 0.642446633825944 0.0880541871921182 0.463875205254516
1 0.794027093596059 0.640394088669951 0.08435960591133 0.451559934318555
1 0.853756157635468 0.639983579638752 0.0929802955665025 0.450738916256158
1 0.909174876847291 0.638752052545156 0.101600985221675 0.444991789819376
1 0.957820197044335 0.637110016420361 0.08435960591133 0.444991789819376
1 0.733066502463054 0.63423645320197 0.083128078817734 0.478653530377668