2 0.479064039408867 0.326354679802956 0.298029556650246 0.651067323481117
18 0.835591133004926 0.357553366174056 0.0960591133004926 0.17816091954023
18 0.77185960591133 0.364121510673235 0.063423645320197 0.158456486042693
18 0.724137931034483 0.361247947454844 0.0591133004926108 0.157635467980296
16 0.68134236453202 0.351395730706076 0.041256157635468 0.170771756978654
16 0.646551724137931 0.346059113300493 0.0431034482758621 0.179802955665025
16 0.620689655172414 0.347701149425287 0.0270935960591133 0.17487684729064
6 0.935960591133005 0.366174055829228 0.12807881773399 0.246305418719212
6 0.725677339901478 0.580870279146141 0.144704433497537 0.0599343185550082
6 0.870689655172414 0.644499178981938 0.149014778325123 0.195402298850575
8 0.634852216748768 0.830459770114943 0.213054187192118 0.248768472906404
8 0.376847290640394 0.834564860426929 0.229064039408867 0.281609195402299