2 0.703817733990148 0.731937602627258 0.187192118226601 0.399835796387521
2 0.499384236453202 0.685960591133005 0.262315270935961 0.532840722495895
16 0.620689655172414 0.0640394088669951 0.0246305418719212 0.124794745484401
16 0.600985221674877 0.0599343185550082 0.0283251231527094 0.116584564860427
16 0.575431034482759 0.0611658456486043 0.021551724137931 0.122331691297209
16 0.55634236453202 0.0607553366174056 0.0252463054187192 0.121510673234811
16 0.532943349753695 0.0603448275862069 0.0264778325123153 0.119047619047619
16 0.509852216748769 0.061576354679803 0.0233990147783251 0.123152709359606
16 0.48737684729064 0.0587027914614121 0.0227832512315271 0.117405582922824
16 0.463977832512315 0.0582922824302135 0.0252463054187192 0.114942528735632
16 0.439655172413793 0.0578817733990148 0.0233990147783251 0.114121510673235
16 0.416256157635468 0.0582922824302135 0.0246305418719212 0.113300492610837
16 0.393472906403941 0.0607553366174056 0.0221674876847291 0.116584564860427
16 0.370381773399015 0.0591133004926108 0.0227832512315271 0.114942528735632
16 0.348522167487685 0.0587027914614121 0.0283251231527094 0.11247947454844
16 0.325738916256158 0.0587027914614122 0.0283251231527094 0.11576354679803
16 0.301724137931035 0.0595238095238095 0.0283251231527094 0.117405582922824
16 0.27801724137931 0.0595238095238095 0.0277093596059113 0.11576354679803
16 0.255541871921182 0.0587027914614122 0.0320197044334975 0.11576354679803