2 0.513854679802956 0.467980295566502 0.170566502463054 0.548440065681445
24 0.944889162561576 0.447865353037767 0.110221674876847 0.330870279146141
24 0.862068965517241 0.45320197044335 0.108374384236453 0.32183908045977
24 0.776477832512315 0.454433497536946 0.100985221674877 0.327586206896552
24 0.690886699507389 0.454433497536946 0.0985221674876847 0.330870279146141
18 0.0957512315270936 0.0361247947454844 0.191502463054187 0.0722495894909688
18 0.0982142857142857 0.127257799671593 0.196428571428571 0.141215106732348
18 0.0991379310344828 0.256568144499179 0.197044334975369 0.138752052545156
18 0.100369458128079 0.383415435139573 0.200738916256158 0.13136288998358
18 0.102524630541872 0.510673234811166 0.205049261083744 0.136288998357964
18 0.104064039408867 0.633415435139573 0.208128078817734 0.135467980295567
18 0.105911330049261 0.750410509031199 0.211822660098522 0.144499178981938
18 0.108066502463054 0.843185550082102 0.216133004926108 0.114942528735632
18 0.109605911330049 0.942939244663383 0.219211822660099 0.11247947454844