18 0.955665024630542 0.378489326765189 0.0886699507389163 0.195402298850575
18 0.895320197044335 0.376436781609195 0.082512315270936 0.211001642036125
16 0.846366995073892 0.400656814449918 0.0584975369458128 0.297208538587849
16 0.8125 0.400656814449918 0.0572660098522167 0.29064039408867
16 0.778940886699507 0.391625615763547 0.0529556650246305 0.315270935960591
15 0.70320197044335 0.448275862068966 0.149014778325123 0.426929392446634
6 0.873460591133005 0.744252873563218 0.145935960591133 0.119047619047619
6 0.877463054187192 0.85303776683087 0.13423645320197 0.0755336617405583
6 0.555418719211823 0.750821018062397 0.120689655172414 0.117405582922824
6 0.420258620689655 0.743021346469622 0.11884236453202 0.134646962233169
6 0.555110837438424 0.877257799671593 0.116379310344828 0.0697865353037767
6 0.42179802955665 0.869868637110017 0.118226600985222 0.0566502463054187
6 0.762315270935961 0.0443349753694581 0.359605911330049 0.0886699507389163
2 0.497844827586207 0.39696223316913 0.271551724137931 0.619868637110017