6 0.574507389162562 0.0521346469622332 0.375615763546798 0.100985221674877
18 0.969519704433498 0.210591133004926 0.0609605911330049 0.214285714285714
18 0.912869458128079 0.222906403940887 0.0745073891625616 0.199507389162562
16 0.935652709359606 0.53448275862069 0.0584975369458128 0.234811165845649
16 0.908559113300493 0.523399014778325 0.0511083743842365 0.214285714285714
16 0.870689655172414 0.532430213464696 0.0603448275862069 0.192939244663383
15 0.723214285714286 0.442528735632184 0.182881773399015 0.467980295566503
6 0.692118226600985 0.786124794745484 0.133004926108374 0.158456486042693
6 0.566502463054187 0.850985221674877 0.105911330049261 0.0894909688013136
6 0.442118226600985 0.841954022988506 0.114532019704433 0.0862068965517241
2 0.499384236453202 0.425697865353038 0.247536945812808 0.583743842364532