6 0.842056650246305 0.220443349753695 0.0535714285714286 0.125615763546798
6 0.839285714285714 0.352216748768473 0.0529556650246305 0.118226600985222
6 0.830357142857143 0.529556650246305 0.0474137931034483 0.119868637110016
6 0.827894088669951 0.655172413793104 0.0572660098522167 0.116584564860427
6 0.817118226600985 0.773399014778325 0.0455665024630542 0.111658456486043
6 0.693349753694581 0.847701149425287 0.0640394088669951 0.0648604269293925
18 0.727216748768473 0.645320197044335 0.0652709359605911 0.152709359605911
18 0.677032019704434 0.646141215106732 0.0486453201970443 0.147783251231527
18 0.648091133004926 0.647783251231527 0.0240147783251232 0.146141215106732
16 0.745997536945813 0.387110016420361 0.041256157635468 0.186371100164204
16 0.722290640394089 0.389162561576355 0.0394088669950739 0.185550082101806
16 0.697967980295567 0.388752052545156 0.0387931034482759 0.186371100164204
16 0.666871921182266 0.38752052545156 0.0492610837438424 0.188834154351396
2 0.491995073891626 0.656814449917898 0.346059113300493 0.686371100164204