3 0.0905172413793104 0.138341543513957 0.181034482758621 0.276683087027915
16 0.972598522167488 0.150246305418719 0.0548029556650246 0.22824302134647
16 0.945197044334976 0.14367816091954 0.062807881773399 0.251231527093596
16 0.911945812807882 0.149425287356322 0.061576354679803 0.244663382594417
16 0.880233990147783 0.149835796387521 0.0597290640394089 0.222495894909688
16 0.849137931034483 0.150656814449918 0.0578817733990148 0.225779967159278
16 0.816810344827586 0.142036124794745 0.0584975369458128 0.234811165845649
16 0.786945812807882 0.143267651888342 0.0554187192118227 0.232348111658457
16 0.758312807881773 0.138341543513957 0.0461822660098522 0.24055829228243
16 0.736453201970443 0.137931034482759 0.0270935960591133 0.243021346469622
2 0.506773399014778 0.312807881773399 0.479064039408867 0.625615763546798
8 0.283559113300493 0.761494252873563 0.201354679802956 0.27175697865353
8 0.491995073891626 0.77175697865353 0.193349753694581 0.267651888341544
8 0.707820197044335 0.772988505747126 0.20012315270936 0.268472906403941