2 0.502155172413793 0.674055829228243 0.378694581280788 0.651888341543514
2 0.163485221674877 0.662972085385878 0.314655172413793 0.674055829228243
16 0.405480295566502 0.0792282430213465 0.0350985221674877 0.155172413793103
16 0.373460591133005 0.0788177339901478 0.0314039408866995 0.157635467980296
16 0.346059113300493 0.0775862068965517 0.0344827586206897 0.153530377668309
16 0.31557881773399 0.0767651888341544 0.0326354679802956 0.150246305418719
16 0.286637931034483 0.077175697865353 0.0326354679802956 0.154351395730706
16 0.256773399014778 0.0784072249589491 0.0332512315270936 0.155172413793103
16 0.227524630541872 0.0755336617405583 0.0338669950738916 0.147783251231527
16 0.20012315270936 0.0755336617405583 0.0394088669950739 0.149425287356322
16 0.17179802955665 0.0738916256157635 0.041871921182266 0.144499178981938
16 0.141933497536946 0.0743021346469622 0.0449507389162562 0.145320197044335
16 0.111145320197044 0.0730706075533662 0.0486453201970443 0.146141215106732
16 0.0800492610837438 0.0734811165845649 0.0467980295566503 0.145320197044335
16 0.0520320197044335 0.0755336617405583 0.0461822660098522 0.146141215106732
16 0.0221674876847291 0.0743021346469622 0.0431034482758621 0.145320197044335