2 0.502770935960591 0.325944170771757 0.265394088669951 0.589490968801314
21 0.680726600985222 0.395320197044335 0.150862068965517 0.197865353037767
20 0.779864532019705 0.401477832512315 0.0720443349753695 0.124794745484401
6 0.861453201970443 0.38752052545156 0.0554187192118227 0.123152709359606
6 0.876539408866995 0.50944170771757 0.0609605911330049 0.119047619047619
6 0.88762315270936 0.642036124794745 0.0548029556650246 0.118226600985222
6 0.898706896551724 0.780788177339902 0.0548029556650246 0.121510673234811
6 0.909790640394089 0.925287356321839 0.0560344827586207 0.141215106732348
18 0.78448275862069 0.692528735632184 0.0738916256157635 0.150246305418719
18 0.733990147783251 0.690065681444992 0.0443349753694581 0.163382594417077
18 0.691810344827586 0.694170771756979 0.0461822660098522 0.166666666666667
18 0.64993842364532 0.696223316912972 0.0511083743842365 0.164203612479475
16 0.608066502463054 0.695402298850575 0.0437192118226601 0.205254515599343