16 0.600369458128079 0.135878489326765 0.0258620689655172 0.155172413793103
16 0.58128078817734 0.133415435139573 0.0283251231527094 0.158456486042693
16 0.561268472906404 0.131773399014778 0.0277093596059113 0.156814449917898
16 0.542795566502463 0.145320197044335 0.021551724137931 0.129720853858785
16 0.523706896551724 0.147783251231527 0.020320197044335 0.12807881773399
16 0.502155172413793 0.139573070607553 0.0240147783251232 0.151067323481117
16 0.482142857142857 0.136699507389163 0.0233990147783251 0.156814449917898
16 0.460899014778325 0.137110016420361 0.0227832512315271 0.15927750410509
16 0.442426108374384 0.136288998357964 0.0240147783251232 0.160919540229885
16 0.423029556650246 0.136288998357964 0.0258620689655172 0.15927750410509
16 0.402401477832512 0.136288998357964 0.0252463054187192 0.15927750410509
16 0.380541871921182 0.137110016420361 0.0270935960591133 0.15927750410509
16 0.361453201970443 0.135878489326765 0.0246305418719212 0.160098522167488
16 0.339901477832512 0.138341543513957 0.0246305418719212 0.158456486042693
16 0.322967980295567 0.139162561576355 0.0301724137931034 0.158456486042693
16 0.303571428571429 0.141215106732348 0.0283251231527094 0.155993431855501
16 0.282943349753695 0.139573070607553 0.0289408866995074 0.15927750410509
2 0.675800492610838 0.7188013136289 0.158251231527094 0.327586206896552
2 0.494458128078818 0.708538587848933 0.226600985221675 0.471264367816092