2 0.505233990147783 0.495073891625616 0.258004926108374 0.694581280788177
20 0.836514778325123 0.479474548440066 0.0769704433497537 0.15927750410509
6 0.941810344827586 0.4376026272578 0.0683497536945813 0.13136288998358
6 0.948275862068966 0.583333333333333 0.0726600985221675 0.133825944170772
6 0.949815270935961 0.733579638752053 0.0695812807881774 0.137110016420361
6 0.953817733990148 0.881773399014778 0.0701970443349754 0.136288998357964
21 0.717056650246305 0.467569786535304 0.176724137931035 0.21264367816092
18 0.827894088669951 0.76559934318555 0.0782019704433498 0.173234811165846
18 0.76878078817734 0.775451559934319 0.0646551724137931 0.196223316912972
18 0.722906403940887 0.77175697865353 0.0603448275862069 0.197044334975369
18 0.677339901477833 0.776683087027915 0.0504926108374384 0.187192118226601
16 0.637931034482759 0.776272577996716 0.041871921182266 0.215927750410509
8 0.483374384236453 0.853448275862069 0.130541871921182 0.17487684729064