6 0.582204433497537 0.824712643678161 0.150862068965517 0.145320197044335
6 0.41564039408867 0.826354679802956 0.149014778325123 0.158456486042693
16 0.968596059113301 0.59072249589491 0.062807881773399 0.235632183908046
16 0.938115763546798 0.594006568144499 0.0658866995073892 0.242200328407225
16 0.891625615763547 0.592364532019704 0.0935960591133005 0.24055829228243
18 0.964901477832512 0.296387520525452 0.0701970443349754 0.200328407224959
18 0.923029556650246 0.305008210180624 0.0603448275862069 0.184729064039409
18 0.870997536945813 0.297619047619048 0.08435960591133 0.202791461412151
15 0.701046798029557 0.46551724137931 0.15948275862069 0.431855500821018
2 0.49384236453202 0.310755336617406 0.310344827586207 0.621510673234811
6 0.930418719211823 0.822660098522168 0.139162561576355 0.13136288998358