2 0.489839901477833 0.323070607553366 0.276477832512315 0.56568144499179
8 0.365455665024631 0.645730706075534 0.110221674876847 0.168308702791461
8 0.475985221674877 0.642857142857143 0.104679802955665 0.151067323481117
8 0.577278325123153 0.641625615763547 0.106527093596059 0.150246305418719
18 0.767857142857143 0.357142857142857 0.0332512315270936 0.0788177339901478
18 0.75 0.352627257799672 0.0295566502463054 0.0862068965517241
18 0.726293103448276 0.351395730706076 0.0350985221674877 0.0821018062397373
16 0.701970443349754 0.346059113300493 0.0283251231527094 0.105911330049261
16 0.687807881773399 0.342775041050903 0.0233990147783251 0.109195402298851
16 0.673337438423645 0.341133004926108 0.0240147783251232 0.110837438423645
16 0.659174876847291 0.339901477832512 0.0264778325123153 0.113300492610837
16 0.64378078817734 0.311986863711002 0.0277093596059113 0.167487684729064
16 0.630541871921182 0.335385878489327 0.0283251231527094 0.125615763546798
16 0.618226600985222 0.334975369458128 0.020935960591133 0.12807881773399