2 0.499384236453202 0.494252873563218 0.269704433497537 0.686371100164204
8 0.472906403940887 0.880541871921182 0.139162561576355 0.186371100164204
20 0.838362068965517 0.481527093596059 0.0806650246305419 0.20935960591133
21 0.716440886699507 0.48111658456486 0.175492610837438 0.247947454844007
6 0.948275862068966 0.440886699507389 0.0714285714285714 0.134646962233169
6 0.956896551724138 0.592364532019704 0.0751231527093596 0.137110016420361
6 0.960899014778325 0.750410509031199 0.0782019704433498 0.139573070607553
6 0.960899014778325 0.903530377668309 0.0720443349753695 0.148604269293924
18 0.829125615763547 0.801724137931034 0.08435960591133 0.17816091954023
18 0.76570197044335 0.795155993431856 0.063423645320197 0.194581280788177
18 0.719211822660099 0.801724137931035 0.0591133004926108 0.184729064039409
18 0.67179802955665 0.802134646962233 0.0504926108374384 0.19376026272578
16 0.633312807881773 0.808702791461412 0.0400246305418719 0.22495894909688