2 0.509852216748768 0.640804597701149 0.178571428571429 0.480295566502463
2 0.258620689655172 0.642036124794745 0.29064039408867 0.715927750410509
2 0.0701970443349754 0.641215106732348 0.140394088669951 0.717569786535304
16 0.432266009852217 0.061576354679803 0.0258620689655172 0.123152709359606
16 0.40948275862069 0.062807881773399 0.0258620689655172 0.123973727422003
16 0.387931034482759 0.0619868637110016 0.0246305418719212 0.120689655172414
16 0.367918719211823 0.0611658456486043 0.0289408866995074 0.120689655172414
16 0.345751231527094 0.0611658456486043 0.0277093596059113 0.120689655172414
16 0.323891625615764 0.0611658456486043 0.0295566502463054 0.119047619047619
16 0.301416256157635 0.0599343185550082 0.0301724137931034 0.119868637110016
16 0.278633004926108 0.0599343185550082 0.0289408866995074 0.119868637110016
16 0.256773399014778 0.0603448275862069 0.0307881773399015 0.119047619047619
16 0.234913793103448 0.0595238095238095 0.0289408866995074 0.119047619047619
16 0.213362068965517 0.0582922824302135 0.0289408866995074 0.114942528735632
16 0.192118226600985 0.0578817733990148 0.0344827586206897 0.114121510673235
16 0.169334975369458 0.0566502463054187 0.0307881773399015 0.111658456486043
16 0.145320197044335 0.05623973727422 0.0332512315270936 0.11247947454844
16 0.123768472906404 0.0574712643678161 0.0320197044334975 0.114942528735632
16 0.100677339901478 0.0570607553366174 0.0314039408866995 0.11247947454844
16 0.0785098522167488 0.0578817733990148 0.0301724137931034 0.114121510673235
16 0.0575738916256158 0.0574712643678161 0.0375615763546798 0.111658456486043
16 0.0350985221674877 0.05623973727422 0.0357142857142857 0.109195402298851