2 0.504618226600985 0.710591133004926 0.205049261083744 0.578817733990148
2 0.213054187192118 0.651067323481117 0.347290640394089 0.697865353037767
16 0.417795566502463 0.0537766830870279 0.0252463054187192 0.102627257799672
16 0.395628078817734 0.0533661740558292 0.0240147783251232 0.103448275862069
16 0.372844827586207 0.0533661740558292 0.0240147783251232 0.103448275862069
16 0.350985221674877 0.0529556650246305 0.0258620689655172 0.105911330049261
16 0.328817733990148 0.0521346469622332 0.0233990147783251 0.102627257799672
16 0.30634236453202 0.0525451559934319 0.0240147783251232 0.101806239737274
16 0.284790640394089 0.0529556650246305 0.0252463054187192 0.104269293924466
16 0.261391625615764 0.0529556650246305 0.0264778325123153 0.102627257799672
16 0.240147783251232 0.0529556650246305 0.0270935960591133 0.102627257799672
16 0.2189039408867 0.0529556650246305 0.0277093596059113 0.102627257799672
16 0.197660098522168 0.0521346469622332 0.0295566502463054 0.102627257799672
16 0.174261083743842 0.0521346469622332 0.0307881773399015 0.100985221674877
16 0.149630541871921 0.0525451559934319 0.0246305418719212 0.100164203612479
16 0.127770935960591 0.0529556650246305 0.0326354679802956 0.100985221674877
16 0.10621921182266 0.0517241379310345 0.0363300492610837 0.100164203612479
16 0.0846674876847291 0.0529556650246305 0.0314039408866995 0.0993431855500821
16 0.062807881773399 0.0509031198686371 0.0357142857142857 0.101806239737274
16 0.0384852216748768 0.0517241379310345 0.0350985221674877 0.100164203612479
16 0.0181650246305419 0.0504926108374384 0.0350985221674877 0.100985221674877