16 0.454125615763547 0.137110016420361 0.0289408866995074 0.175697865353038
16 0.428571428571429 0.135057471264368 0.0270935960591133 0.171592775041051
16 0.406711822660099 0.136699507389163 0.0252463054187192 0.179802955665025
16 0.382389162561576 0.139573070607553 0.0283251231527094 0.182266009852217
16 0.357450738916256 0.13136288998358 0.0289408866995074 0.175697865353038
16 0.333743842364532 0.132594417077176 0.0283251231527094 0.17487684729064
16 0.309113300492611 0.132183908045977 0.0295566502463054 0.174055829228243
16 0.286022167487685 0.133004926108374 0.0301724137931034 0.177339901477833
16 0.261391625615764 0.133825944170772 0.0301724137931034 0.174055829228243
16 0.237068965517241 0.129720853858785 0.0332512315270936 0.180623973727422
16 0.211514778325123 0.128899835796388 0.0326354679802956 0.182266009852217
16 0.189963054187192 0.131773399014778 0.0350985221674877 0.176518883415435
16 0.163793103448276 0.129720853858785 0.0344827586206897 0.174055829228243
16 0.140394088669951 0.130131362889984 0.0357142857142857 0.17487684729064
16 0.117918719211823 0.132183908045977 0.041256157635468 0.172413793103448
2 0.511083743842365 0.704433497536946 0.254926108374384 0.591133004926108
2 0.285406403940887 0.707717569786535 0.192733990147783 0.584564860426929
2 0.100985221674877 0.697044334975369 0.199507389162562 0.605911330049261