6 0.797413793103448 0.0377668308702791 0.405172413793103 0.0755336617405583
18 0.970443349753695 0.399014778325123 0.0591133004926108 0.201970443349754
18 0.921182266009852 0.401888341543514 0.0788177339901478 0.238916256157635
16 0.871305418719212 0.407635467980296 0.0640394088669951 0.291461412151067
16 0.837130541871921 0.417077175697865 0.0597290640394089 0.302134646962233
16 0.802647783251232 0.429392446633826 0.0523399014778325 0.279146141215107
15 0.720443349753695 0.472906403940887 0.160098522167488 0.431855500821018
6 0.902093596059113 0.774220032840722 0.150246305418719 0.123152709359606
6 0.907635467980295 0.900246305418719 0.131773399014778 0.0829228243021347
6 0.56557881773399 0.888341543513957 0.125 0.090311986863711
6 0.43442118226601 0.88136288998358 0.116379310344828 0.0862068965517241
2 0.493226600985222 0.424055829228243 0.286945812807882 0.647783251231527