2 0.513238916256158 0.651888341543514 0.410714285714286 0.696223316912972
16 0.770628078817734 0.410509031198686 0.042487684729064 0.192118226600985
16 0.74384236453202 0.40927750410509 0.0431034482758621 0.189655172413793
16 0.719211822660099 0.408866995073892 0.0394088669950739 0.19047619047619
16 0.6875 0.408866995073892 0.0498768472906404 0.197044334975369
6 0.873152709359606 0.232348111658457 0.061576354679803 0.12807881773399
6 0.871613300492611 0.373152709359606 0.0646551724137931 0.122331691297209
6 0.862068965517241 0.564449917898194 0.0517241379310345 0.125615763546798
6 0.859913793103448 0.700738916256158 0.0584975369458128 0.130541871921182
6 0.851600985221675 0.83456486042693 0.0517241379310345 0.127257799671593
18 0.75 0.694991789819376 0.0714285714285714 0.166666666666667
18 0.697660098522167 0.683497536945813 0.0492610837438424 0.155172413793103