2 0.811576354679803 0.69047619047619 0.3435960591133 0.619047619047619
2 0.496613300492611 0.690065681444992 0.32204433497537 0.619868637110017
2 0.177955665024631 0.69991789819376 0.355911330049261 0.600164203612479
16 0.855911330049261 0.077175697865353 0.04064039408867 0.154351395730706
16 0.833435960591133 0.0784072249589491 0.0350985221674877 0.153530377668309
16 0.811576354679803 0.0784072249589491 0.0344827586206897 0.155172413793103
16 0.785098522167488 0.0792282430213465 0.0344827586206897 0.155172413793103
16 0.763854679802956 0.0792282430213465 0.0350985221674877 0.153530377668309
16 0.739532019704434 0.0792282430213465 0.0320197044334975 0.153530377668309
16 0.717364532019705 0.0763546798029557 0.0332512315270936 0.151067323481117
16 0.692118226600985 0.0755336617405583 0.0332512315270936 0.149425287356322
16 0.665948275862069 0.075944170771757 0.0338669950738916 0.151888341543514
16 0.642857142857143 0.075944170771757 0.0320197044334975 0.150246305418719
16 0.619766009852217 0.0763546798029557 0.0314039408866995 0.152709359605911
16 0.595443349753695 0.0755336617405583 0.0307881773399015 0.151067323481117
16 0.571736453201971 0.0743021346469622 0.0301724137931034 0.148604269293924
16 0.549568965517241 0.0747126436781609 0.0314039408866995 0.146141215106732
16 0.524322660098522 0.0775862068965517 0.0314039408866995 0.151888341543514
16 0.499076354679803 0.0767651888341544 0.0301724137931034 0.150246305418719
16 0.473214285714286 0.0763546798029557 0.0289408866995074 0.151067323481117
16 0.450738916256158 0.0784072249589491 0.0283251231527094 0.153530377668309
16 0.425800492610837 0.077175697865353 0.0301724137931034 0.152709359605911