6 0.689963054187192 0.502463054187192 0.0597290640394089 0.090311986863711
6 0.762931034482759 0.0238095238095238 0.0431034482758621 0.0459770114942529
6 0.769088669950739 0.0845648604269294 0.0517241379310345 0.100164203612479
6 0.776477832512315 0.219622331691297 0.0431034482758621 0.105911330049261
6 0.783251231527094 0.319376026272578 0.0394088669950739 0.103448275862069
6 0.79371921182266 0.425697865353038 0.0492610837438424 0.100985221674877
6 0.818965517241379 0.705254515599343 0.0504926108374384 0.108374384236453
6 0.82512315270936 0.825944170771757 0.0504926108374384 0.113300492610837
6 0.834051724137931 0.946633825944171 0.0535714285714286 0.106732348111658
16 0.69365763546798 0.11576354679803 0.0314039408866995 0.119868637110016
16 0.675184729064039 0.114942528735632 0.0277093596059113 0.119868637110016
16 0.654864532019705 0.116174055829228 0.0289408866995074 0.120689655172414
16 0.639162561576355 0.11576354679803 0.0197044334975369 0.121510673234811
2 0.495073891625616 0.32512315270936 0.278325123152709 0.650246305418719
8 0.566502463054187 0.667898193760263 0.112068965517241 0.123973727422003
8 0.492302955665025 0.800903119868637 0.106527093596059 0.127257799671593
18 0.701354679802956 0.327175697865353 0.0566502463054187 0.130541871921182
18 0.658866995073892 0.317733990147783 0.0369458128078818 0.123152709359606
18 0.63115763546798 0.322249589490969 0.0258620689655172 0.11247947454844