8 0.824815270935961 0.828407224958949 0.132389162561576 0.187192118226601
8 0.739224137931034 0.708949096880131 0.125 0.186371100164204
8 0.645628078817734 0.818555008210181 0.110221674876847 0.188834154351396
6 0.784790640394089 0.098111658456486 0.296182266009852 0.194581280788177
6 0.903940886699507 0.418308702791461 0.145320197044335 0.117405582922824
6 0.77801724137931 0.41871921182266 0.134852216748768 0.116584564860427
6 0.664716748768473 0.423234811165846 0.0892857142857143 0.110837438423645
6 0.905172413793104 0.5311986863711 0.135467980295567 0.0985221674876847
6 0.779248768472906 0.531609195402299 0.123768472906404 0.0993431855500821
6 0.663485221674877 0.5311986863711 0.0892857142857143 0.0919540229885058
2 0.497229064039409 0.42487684729064 0.25307881773399 0.764367816091954