6 0.561268472906404 0.261083743842365 0.0449507389162562 0.126436781609195
24 0.948275862068966 0.720853858784893 0.103448275862069 0.302134646962233
24 0.88423645320197 0.727422003284072 0.105911330049261 0.287356321839081
24 0.815270935960591 0.721264367816092 0.100985221674877 0.316091954022989
24 0.745689655172414 0.720443349753695 0.0972906403940887 0.317733990147783
24 0.667795566502463 0.723727422003284 0.102832512315271 0.319376026272578
2 0.513546798029557 0.745484400656815 0.146551724137931 0.509031198686371
18 0.173029556650246 0.0328407224958949 0.195812807881773 0.0656814449917898
18 0.180418719211823 0.0956486042692939 0.17487684729064 0.107553366174056
18 0.172413793103448 0.182266009852217 0.183497536945813 0.101806239737274
18 0.161022167487685 0.272577996715928 0.203817733990148 0.0985221674876847
18 0.1564039408867 0.367405582922824 0.20320197044335 0.0993431855500821
18 0.157327586206897 0.466748768472906 0.193965517241379 0.100985221674877
18 0.137315270935961 0.555418719211823 0.230295566502463 0.100985221674877
18 0.13423645320197 0.665024630541872 0.231527093596059 0.103448275862069
18 0.13115763546798 0.776683087027915 0.235221674876847 0.116584564860427
18 0.125 0.876436781609195 0.245073891625616 0.0977011494252874
18 0.145935960591133 0.965927750410509 0.200738916256158 0.0681444991789819