2 0.88454433497537 0.432266009852217 0.21243842364532 0.5311986863711
2 0.70320197044335 0.460591133004926 0.205665024630542 0.594417077175698
2 0.49692118226601 0.471674876847291 0.232758620689655 0.633004926108374
6 0.685960591133005 0.942939244663383 0.0997536945812808 0.114121510673235
16 0.621613300492611 0.944581280788177 0.0400246305418719 0.110837438423645
16 0.593288177339901 0.944170771756979 0.041256157635468 0.111658456486043
16 0.564347290640394 0.942939244663383 0.0387931034482759 0.114121510673235
16 0.535406403940887 0.944170771756979 0.0350985221674877 0.111658456486043
16 0.505849753694581 0.94376026272578 0.0375615763546798 0.11247947454844
16 0.477524630541872 0.945812807881773 0.0338669950738916 0.108374384236453
16 0.448583743842365 0.945402298850575 0.0314039408866995 0.109195402298851