2 0.495073891625616 0.42487684729064 0.254926108374384 0.75944170771757
8 0.602524630541872 0.852627257799672 0.176724137931035 0.215927750410509
8 0.425492610837438 0.87192118226601 0.16256157635468 0.226600985221675
6 0.852216748768473 0.654761904761905 0.118226600985222 0.188013136288998
6 0.844827586206897 0.82799671592775 0.0972906403940887 0.196223316912972
6 0.852216748768473 0.954022988505747 0.103448275862069 0.0919540229885058
6 0.724753694581281 0.626436781609195 0.139162561576355 0.12807881773399
18 0.887315270935961 0.341543513957307 0.100985221674877 0.197044334975369
18 0.814039408866995 0.336206896551724 0.0738916256157635 0.211001642036125
18 0.761083743842365 0.337848932676519 0.0677339901477833 0.207717569786535
16 0.712746305418719 0.341954022988506 0.0474137931034483 0.260262725779967
16 0.676724137931035 0.341954022988506 0.0467980295566503 0.260262725779967
16 0.639162561576355 0.341954022988506 0.0517241379310345 0.260262725779967