6 0.82820197044335 0.641625615763547 0.12192118226601 0.160098522167488
6 0.847598522167488 0.798850574712644 0.126231527093596 0.178981937602627
18 0.801416256157636 0.407224958949097 0.0769704433497537 0.146141215106732
18 0.749384236453202 0.414614121510673 0.0480295566502463 0.12807881773399
18 0.708128078817734 0.414614121510673 0.0492610837438424 0.129720853858785
16 0.672721674876847 0.406814449917898 0.0326354679802956 0.142036124794746
16 0.644396551724138 0.405582922824302 0.0314039408866995 0.141215106732348
16 0.615147783251232 0.405993431855501 0.0357142857142857 0.138752052545156
8 0.430418719211823 0.780377668308703 0.16871921182266 0.220853858784893
8 0.5314039408867 0.922413793103448 0.197044334975369 0.155172413793103
8 0.623768472906404 0.780377668308703 0.166256157635468 0.196223316912972
2 0.500307881773399 0.368226600985222 0.2185960591133 0.53448275862069