2 0.493226600985222 0.328817733990148 0.317733990147783 0.655993431855501
8 0.467364532019704 0.772167487684729 0.195812807881773 0.242200328407225
14 0.767241379310345 0.860016420361248 0.246305418719212 0.279967159277504
18 0.894088669950739 0.203612479474548 0.116995073891626 0.203612479474548
18 0.824507389162562 0.201970443349754 0.0701970443349754 0.210180623973727
18 0.765086206896552 0.196223316912972 0.0646551724137931 0.220032840722496
16 0.70935960591133 0.201559934318555 0.0714285714285714 0.279967159277504
6 0.730295566502463 0.501231527093596 0.149014778325123 0.11247947454844
6 0.854064039408867 0.535303776683087 0.116995073891626 0.169129720853859
6 0.857142857142857 0.698275862068966 0.123152709359606 0.189655172413793
6 0.866687192118227 0.866995073891626 0.102832512315271 0.142857142857143