6 0.370689655172414 0.0734811165845649 0.129310344827586 0.14367816091954
6 0.492302955665025 0.0574712643678161 0.122536945812808 0.111658456486043
6 0.614224137931034 0.0611658456486043 0.122536945812808 0.122331691297209
6 0.729371921182266 0.0665024630541872 0.128694581280788 0.13136288998358
6 0.848830049261084 0.0710180623973728 0.122536945812808 0.142036124794746
6 0.950431034482759 0.0763546798029557 0.0991379310344828 0.151067323481117
6 0.328509852216749 0.44376026272578 0.157019704433498 0.166666666666667
6 0.481527093596059 0.450738916256158 0.158866995073892 0.170771756978654
6 0.633620689655172 0.454433497536946 0.1564039408867 0.173234811165846
6 0.782635467980296 0.458538587848933 0.155172413793103 0.179802955665025
6 0.919642857142857 0.464285714285714 0.147167487684729 0.171592775041051