6 0.0538793103448276 0.529967159277504 0.0794334975369458 0.334154351395731
6 0.131773399014778 0.532019704433498 0.0775862068965517 0.328407224958949
6 0.214593596059113 0.540229885057471 0.0695812807881774 0.338259441707718
6 0.290024630541872 0.536124794745484 0.0665024630541872 0.32512315270936
6 0.368226600985222 0.536535303776683 0.0652709359605911 0.321018062397373
6 0.440270935960591 0.539408866995074 0.0689655172413793 0.315270935960591
6 0.514470443349754 0.541871921182266 0.0708128078817734 0.313628899835796
6 0.0381773399014778 0.875615763546798 0.0751231527093596 0.248768472906404
6 0.204741379310345 0.873152709359606 0.0683497536945813 0.253694581280788
6 0.285098522167488 0.873563218390805 0.0591133004926108 0.252873563218391
6 0.438423645320197 0.871100164203613 0.0566502463054187 0.257799671592775
6 0.513238916256158 0.870689655172414 0.0695812807881774 0.258620689655172