6 0.061576354679803 0.47824302134647 0.109605911330049 0.17487684729064
6 0.187807881773399 0.479064039408867 0.0775862068965517 0.173234811165846
6 0.298645320197044 0.486042692939245 0.0800492610837439 0.160919540229885
6 0.508312807881773 0.489737274220033 0.11884236453202 0.196223316912972
6 0.614839901477833 0.486042692939245 0.107758620689655 0.174055829228243
6 0.731527093596059 0.495073891625616 0.0701970443349754 0.152709359605911
6 0.828817733990148 0.497947454844007 0.0800492610837439 0.153530377668309
16 0.139162561576355 0.480295566502463 0.0652709359605911 0.241379310344828
16 0.246613300492611 0.496305418719212 0.0548029556650246 0.20935960591133
16 0.677955665024631 0.501231527093596 0.0554187192118227 0.202791461412151
16 0.773706896551724 0.504926108374384 0.062192118226601 0.200328407224959