6 0.0511083743842365 0.505747126436782 0.100985221674877 0.174055829228243
6 0.167179802955665 0.497126436781609 0.0769704433497537 0.17487684729064
6 0.27493842364532 0.502052545155994 0.0806650246305419 0.155172413793103
6 0.510775862068966 0.502052545155993 0.120073891625616 0.215927750410509
6 0.620381773399015 0.485632183908046 0.106527093596059 0.169950738916256
6 0.741995073891626 0.484811165845649 0.0751231527093596 0.14696223316913
6 0.841440886699507 0.471264367816092 0.0757389162561576 0.15927750410509
16 0.116071428571429 0.495484400656814 0.0646551724137931 0.247126436781609
16 0.223830049261084 0.508210180623974 0.0609605911330049 0.215106732348112
16 0.683497536945813 0.491379310344828 0.0591133004926108 0.206075533661741
16 0.785406403940887 0.470443349753695 0.0683497536945813 0.236453201970443