6 0.0797413793103448 0.470853858784893 0.0991379310344828 0.169950738916256
6 0.197967980295567 0.477422003284072 0.0794334975369458 0.171592775041051
6 0.305418719211823 0.483169129720854 0.0763546798029557 0.158456486042693
6 0.503694581280788 0.491789819376026 0.119458128078818 0.192118226600985
6 0.607758620689655 0.499178981937603 0.100985221674877 0.178981937602627
6 0.7185960591133 0.503694581280788 0.0800492610837439 0.156814449917898
6 0.81557881773399 0.50615763546798 0.0855911330049261 0.145320197044335
16 0.143165024630542 0.473316912972085 0.0523399014778325 0.245484400656814
16 0.255233990147783 0.490968801313629 0.0511083743842365 0.211822660098522
16 0.66871921182266 0.506978653530378 0.0554187192118227 0.194581280788177
16 0.762931034482759 0.510262725779967 0.061576354679803 0.196223316912972