6 0.0908251231527094 0.27175697865353 0.0548029556650246 0.183908045977012
6 0.139778325123153 0.275451559934319 0.0480295566502463 0.179802955665025
6 0.187192118226601 0.276272577996716 0.0381773399014778 0.17816091954023
6 0.23121921182266 0.279967159277504 0.0375615763546798 0.174055829228243
6 0.274630541871921 0.281609195402299 0.0344827586206897 0.172413793103448
6 0.313731527093596 0.284893267651888 0.0363300492610837 0.167487684729064
6 0.356834975369458 0.285714285714286 0.0301724137931034 0.16256157635468
6 0.395012315270936 0.289819376026273 0.0363300492610837 0.164203612479475
6 0.0935960591133005 0.483990147783251 0.0492610837438424 0.184729064039409
6 0.143472906403941 0.483579638752053 0.04064039408867 0.183908045977012
6 0.188423645320197 0.483169129720854 0.04064039408867 0.179802955665025
6 0.231834975369458 0.480706075533662 0.042487684729064 0.17816091954023
6 0.280172413793103 0.479885057471264 0.0283251231527094 0.17487684729064
6 0.317118226600985 0.479474548440066 0.041871921182266 0.167487684729064
6 0.364839901477833 0.477422003284072 0.0252463054187192 0.166666666666667
6 0.398399014778325 0.478653530377668 0.0394088669950739 0.165845648604269