6 0.0237068965517241 0.667077175697865 0.0449507389162562 0.229064039408867
6 0.148399014778325 0.655993431855501 0.108374384236453 0.234811165845649
6 0.290332512315271 0.649835796387521 0.0929802955665025 0.199507389162562
6 0.550184729064039 0.634646962233169 0.139778325123153 0.22495894909688
6 0.657943349753695 0.594827586206897 0.0855911330049261 0.192939244663383
6 0.752770935960591 0.599753694581281 0.0671182266009852 0.148604269293924
6 0.823891625615764 0.584564860426929 0.0665024630541872 0.169129720853859
16 0.0708128078817734 0.649425287356322 0.0701970443349754 0.326765188834154
16 0.218596059113301 0.654761904761905 0.0541871921182266 0.260262725779967
16 0.711206896551724 0.611247947454844 0.0714285714285714 0.202791461412151
16 0.787869458128079 0.574712643678161 0.0720443349753695 0.201970443349754