6 0.0307881773399015 0.478653530377668 0.0603448275862069 0.216748768472906
6 0.136391625615764 0.479474548440066 0.0979064039408867 0.203612479474548
6 0.273399014778325 0.484811165845649 0.0960591133004926 0.191297208538588
6 0.509236453201971 0.488095238095238 0.137931034482759 0.215927750410509
6 0.632389162561576 0.493021346469622 0.12192118226601 0.194581280788177
6 0.764778325123153 0.504926108374384 0.0899014778325123 0.183908045977012
6 0.87807881773399 0.506978653530378 0.0960591133004926 0.171592775041051
16 0.0735837438423645 0.469622331691297 0.0782019704433498 0.29064039408867
16 0.20628078817734 0.493021346469622 0.0689655172413793 0.248768472906404
16 0.703817733990148 0.509852216748768 0.062807881773399 0.238095238095238
16 0.814655172413793 0.510262725779967 0.0800492610837439 0.225779967159278