6 0.0763546798029557 0.879720853858785 0.151477832512315 0.24055829228243
6 0.175492610837438 0.852216748768473 0.083743842364532 0.154351395730706
6 0.25 0.84688013136289 0.0812807881773399 0.150246305418719
6 0.325431034482759 0.84072249589491 0.0745073891625616 0.147783251231527
6 0.395935960591133 0.834975369458128 0.0763546798029557 0.144499178981938
6 0.464901477832512 0.829228243021346 0.0800492610837439 0.146141215106732
6 0.535406403940887 0.821428571428571 0.0745073891625616 0.142036124794746
6 0.601293103448276 0.814449917898194 0.0782019704433498 0.139573070607553
6 0.663485221674877 0.805829228243022 0.0769704433497537 0.137110016420361
6 0.738608374384237 0.801724137931034 0.104064039408867 0.127257799671593
2 0.198891625615764 0.117405582922824 0.245073891625616 0.233169129720854
2 0.436576354679803 0.11863711001642 0.219211822660099 0.235632183908046
2 0.636391625615764 0.118226600985222 0.20012315270936 0.234811165845649
2 0.813423645320197 0.118226600985222 0.194581280788177 0.236453201970443