6 0.120997536945813 0.488095238095238 0.24076354679803 0.327586206896552
6 0.278325123152709 0.501231527093596 0.123152709359606 0.17816091954023
6 0.512931034482759 0.5 0.358374384236453 0.339901477832512
6 0.8435960591133 0.54679802955665 0.312807881773399 0.246305418719212
6 0.0775862068965517 0.847701149425287 0.11576354679803 0.225779967159278
6 0.210283251231527 0.843185550082102 0.193965517241379 0.167487684729064
6 0.346059113300493 0.875615763546798 0.109605911330049 0.248768472906404
6 0.511391625615764 0.874384236453202 0.219827586206897 0.251231527093596
6 0.685652709359606 0.876026272577997 0.145935960591133 0.203612479474548
6 0.861761083743842 0.915024630541872 0.211206896551724 0.169950738916256
2 0.150554187192118 0.0853858784893268 0.173029556650246 0.170771756978654
2 0.317118226600985 0.0866174055829228 0.166256157635468 0.173234811165846
2 0.493534482758621 0.0808702791461412 0.164408866995074 0.160098522167488
2 0.689655172413793 0.0812807881773399 0.171182266009852 0.16256157635468
2 0.882697044334975 0.0821018062397373 0.198891625615764 0.164203612479475