6 0.531711822660099 0.589901477832512 0.08435960591133 0.401477832512315
6 0.43134236453202 0.589901477832512 0.0868226600985222 0.404761904761905
6 0.335591133004926 0.589080459770115 0.0923645320197044 0.408045977011494
6 0.23737684729064 0.588669950738916 0.0942118226600985 0.412151067323481
6 0.141625615763547 0.580870279146141 0.107142857142857 0.40311986863711
6 0.0501847290640394 0.573481116584565 0.0991379310344828 0.391625615763547
6 0.529248768472906 0.923645320197044 0.0855911330049261 0.152709359605911
6 0.428571428571429 0.924466338259442 0.0862068965517241 0.151067323481117
6 0.336822660098522 0.924466338259442 0.0763546798029557 0.151067323481117
6 0.137007389162562 0.922413793103448 0.0917487684729064 0.155172413793103
6 0.0427955665024631 0.923645320197044 0.062192118226601 0.152709359605911
6 0.21551724137931 0.926108374384237 0.0381773399014778 0.147783251231527