28 0.413793103448276 0.81568144499179 0.12807881773399 0.36863711001642
28 0.504310344827586 0.825533661740558 0.114532019704433 0.348932676518883
28 0.598522167487685 0.828407224958949 0.109605911330049 0.343185550082102
28 0.702586206896552 0.832512315270936 0.114532019704433 0.334975369458128
28 0.806650246305419 0.835796387520525 0.131773399014778 0.328407224958949
28 0.912253694581281 0.840311986863711 0.157019704433498 0.319376026272578
28 0.481834975369458 0.564860426929393 0.0979064039408867 0.220032840722496
28 0.560344827586207 0.561576354679803 0.0899014778325123 0.215106732348112
28 0.643165024630542 0.574302134646962 0.0905172413793104 0.230706075533662
28 0.729679802955665 0.573070607553366 0.0960591133004926 0.218390804597701
28 0.814655172413793 0.587027914614122 0.103448275862069 0.236453201970443
28 0.89685960591133 0.585385878489327 0.127463054187192 0.229885057471264
28 0.967672413793104 0.585796387520525 0.0646551724137931 0.227422003284072
28 0.523091133004926 0.391215106732348 0.0732758620689655 0.169950738916256
28 0.592056650246305 0.405172413793103 0.0720443349753695 0.179802955665025
28 0.664716748768473 0.401067323481117 0.0745073891625616 0.171592775041051
28 0.73737684729064 0.410509031198686 0.0745073891625616 0.185550082101806
28 0.811576354679803 0.412972085385879 0.082512315270936 0.183908045977012
28 0.893165024630542 0.416256157635468 0.0794334975369458 0.185550082101806
28 0.965209359605911 0.414614121510673 0.0695812807881774 0.178981937602627