28 0.424568965517241 0.866584564860427 0.155788177339901 0.266830870279146
28 0.532943349753695 0.89080459770115 0.137315270935961 0.218390804597701
28 0.652093596059113 0.899014778325123 0.129310344827586 0.201970443349754
28 0.778633004926108 0.907635467980296 0.134852216748768 0.184729064039409
28 0.900246305418719 0.917487684729064 0.150246305418719 0.165024630541872
28 0.511391625615764 0.636699507389163 0.125 0.307881773399015
28 0.604679802955665 0.649425287356322 0.118226600985222 0.311986863711002
28 0.708743842364532 0.666666666666667 0.12807881773399 0.320197044334975
28 0.817733990147783 0.677339901477833 0.140394088669951 0.318555008210181
28 0.927032019704434 0.698275862068966 0.145935960591133 0.332512315270936
28 0.558189655172414 0.383825944170772 0.11884236453202 0.238916256157635
28 0.648706896551724 0.395320197044335 0.102832512315271 0.256978653530378
28 0.740147783251232 0.400246305418719 0.108374384236453 0.252052545155993
28 0.834051724137931 0.414203612479475 0.120073891625616 0.265188834154351
28 0.932266009852217 0.428571428571429 0.129310344827586 0.269293924466338