28 0.166666666666667 0.779508196721311 0.333333333333333 0.440983606557377
28 0.459409594095941 0.781147540983606 0.312423124231242 0.437704918032787
28 0.686039360393604 0.781147540983606 0.175276752767528 0.437704918032787
28 0.0824108241082411 0.515573770491803 0.164821648216482 0.159016393442623
28 0.246924969249692 0.517213114754098 0.242927429274293 0.159016393442623
28 0.468327183271833 0.520491803278688 0.234317343173432 0.163934426229508
28 0.685731857318573 0.524590163934426 0.212792127921279 0.162295081967213
28 0.115621156211562 0.409836065573771 0.199261992619926 0.10327868852459
28 0.295817958179582 0.411475409836066 0.177121771217712 0.104918032786885
28 0.469864698646986 0.415983606557377 0.186961869618696 0.110655737704918
28 0.645448954489545 0.41516393442623 0.172816728167282 0.107377049180328
28 0.321340713407134 0.341803278688525 0.150676506765068 0.0754098360655738
28 0.474477244772448 0.339754098360656 0.146986469864699 0.0795081967213115
28 0.620848708487085 0.343032786885246 0.137146371463715 0.0778688524590164
28 0.75830258302583 0.34672131147541 0.131611316113161 0.0770491803278689
28 0.764452644526445 0.412704918032787 0.0934809348093481 0.120491803278689