28 0.103013530135301 0.757786885245902 0.20479704797048 0.484426229508197
28 0.30719557195572 0.745901639344262 0.231857318573186 0.508196721311475
28 0.521217712177122 0.741393442622951 0.256457564575646 0.517213114754098
28 0.711254612546125 0.730737704918033 0.30319803198032 0.538524590163934
28 0.1190036900369 0.49344262295082 0.182656826568266 0.185245901639344
28 0.273677736777368 0.505327868852459 0.14760147601476 0.223770491803279
28 0.410209102091021 0.507377049180328 0.137761377613776 0.249180327868852
28 0.550738007380074 0.477049180327869 0.158056580565806 0.191803278688525
28 0.158671586715867 0.399180327868852 0.118081180811808 0.10655737704918
28 0.28259532595326 0.390983606557377 0.107626076260763 0.111475409836066
28 0.403751537515375 0.39672131147541 0.11869618696187 0.121311475409836
28 0.496924969249692 0.392622950819672 0.129151291512915 0.126229508196721