28 0.395320197044335 0.745484400656814 0.205665024630542 0.507389162561576
28 0.578509852216749 0.763136288998358 0.184113300492611 0.473727422003284
28 0.760467980295567 0.746305418719212 0.213054187192118 0.507389162561576
28 0.905788177339902 0.768062397372742 0.188423645320197 0.463875205254516
28 0.429495073891626 0.507389162561576 0.154556650246305 0.110016420361248
28 0.567733990147783 0.497947454844007 0.135467980295567 0.142036124794746
28 0.705412054120541 0.511475409836066 0.13530135301353 0.111475409836066
28 0.825338253382534 0.502049180327869 0.143911439114391 0.0844262295081967
28 0.45479704797048 0.439754098360656 0.116236162361624 0.0762295081967213
28 0.563653136531365 0.438524590163934 0.102706027060271 0.0754098360655738
28 0.675891758917589 0.43483606557377 0.0996309963099631 0.0959016393442623
28 0.780442804428044 0.442622950819672 0.124231242312423 0.080327868852459
28 0.883148831488315 0.43483606557377 0.127921279212792 0.089344262295082
28 0.961254612546126 0.448770491803279 0.0774907749077491 0.0631147540983607