28 0.342056650246305 0.838259441707718 0.192733990147783 0.32183908045977
28 0.450738916256158 0.873152709359606 0.17487684729064 0.253694581280788
28 0.574815270935961 0.886288998357964 0.168103448275862 0.227422003284072
28 0.711822660098522 0.901067323481117 0.157635467980296 0.197865353037767
28 0.861145320197044 0.914203612479475 0.163177339901478 0.171592775041051
28 0.479987684729064 0.600574712643678 0.144704433497537 0.332512315270936
28 0.576662561576355 0.627668308702792 0.138546798029557 0.312807881773399
28 0.676416256157635 0.651477832512315 0.133620689655172 0.334154351395731
28 0.795874384236453 0.674055829228243 0.147167487684729 0.346469622331691
28 0.919950738916256 0.696633825944171 0.160098522167488 0.360426929392447
28 0.475707257072571 0.397131147540984 0.101476014760148 0.284426229508197
28 0.566728167281673 0.392213114754098 0.115006150061501 0.258196721311475
28 0.649753997539975 0.394672131147541 0.108856088560886 0.258196721311475
28 0.742619926199262 0.401229508196721 0.108856088560886 0.258196721311475
28 0.844710947109471 0.405327868852459 0.122386223862239 0.251639344262295
28 0.941574415744157 0.408606557377049 0.116851168511685 0.309016393442623