28 0.430110837438424 0.822249589490969 0.148399014778325 0.355500821018062
28 0.527709359605911 0.848522167487685 0.135467980295567 0.302955665024631
28 0.629002463054187 0.856732348111659 0.129926108374384 0.286535303776683
28 0.742610837438424 0.866174055829228 0.136699507389163 0.267651888341544
28 0.870381773399015 0.877257799671593 0.147167487684729 0.245484400656814
28 0.530480295566502 0.564039408866995 0.11884236453202 0.298850574712644
28 0.617918719211823 0.586206896551724 0.116379310344828 0.274220032840722
28 0.708128078817734 0.597701149425287 0.114532019704433 0.277504105090312
28 0.810344827586207 0.616995073891626 0.126847290640394 0.286535303776683
28 0.919334975369458 0.635057471264368 0.141625615763547 0.301313628899836
28 0.517857142857143 0.376436781609195 0.0948275862068965 0.293103448275862
28 0.598214285714286 0.357553366174056 0.0991379310344828 0.229064039408867
28 0.67487684729064 0.359605911330049 0.0960591133004926 0.223316912972085
28 0.759852216748768 0.372742200328407 0.100985221674877 0.239737274220033
28 0.85006157635468 0.377668308702792 0.111453201970443 0.243021346469622
28 0.942426108374384 0.389162561576355 0.112684729064039 0.257799671592775