28 0.128843788437884 0.687704918032787 0.256457564575646 0.486885245901639
28 0.400369003690037 0.691393442622951 0.419434194341943 0.499180327868852
28 0.800430504305043 0.691803278688525 0.399138991389914 0.49672131147541
28 0.168819188191882 0.395491803278688 0.310578105781058 0.194262295081967
28 0.434809348093481 0.391393442622951 0.297662976629766 0.202459016393443
28 0.734317343173432 0.389754098360656 0.303813038130381 0.202459016393443
28 0.912669126691267 0.401639344262295 0.174661746617466 0.181967213114754
28 0.251230012300123 0.266393442622951 0.218327183271833 0.113114754098361
28 0.456642066420664 0.261885245901639 0.225707257072571 0.123770491803279
28 0.670664206642066 0.260655737704918 0.210947109471095 0.121311475409836
28 0.878536285362854 0.265573770491803 0.242927429274293 0.127868852459016
28 0.291512915129151 0.185245901639344 0.166051660516605 0.0770491803278689
28 0.477244772447725 0.180327868852459 0.162361623616236 0.0852459016393443
28 0.641143911439114 0.180737704918033 0.165436654366544 0.0795081967213115
28 0.831795817958179 0.183196721311475 0.177736777367774 0.0844262295081967