28 0.314963054187192 0.799671592775041 0.21243842364532 0.400656814449918
28 0.44057881773399 0.809113300492611 0.20012315270936 0.381773399014778
28 0.584051724137931 0.830459770114943 0.176724137931035 0.339080459770115
28 0.741071428571429 0.842364532019705 0.166871921182266 0.315270935960591
28 0.907635467980295 0.867816091954023 0.184729064039409 0.264367816091954
28 0.400554187192118 0.540229885057471 0.158251231527094 0.172413793103448
28 0.507081280788177 0.564449917898194 0.145935960591133 0.181444991789819
28 0.611453201970443 0.604679802955665 0.133004926108374 0.225779967159278
28 0.74076354679803 0.616995073891626 0.120689655172414 0.211001642036125
28 0.875615763546798 0.658045977011494 0.160098522167488 0.235632183908046
28 0.48737684729064 0.425287356321839 0.108990147783251 0.116584564860427
28 0.572044334975369 0.440476190476191 0.109605911330049 0.145320197044335
28 0.657943349753695 0.463054187192118 0.0917487684729064 0.139573070607553
28 0.75615763546798 0.497126436781609 0.0899014778325123 0.192939244663383
28 0.85314039408867 0.495484400656814 0.112684729064039 0.145320197044335
28 0.94704433497537 0.535714285714286 0.105911330049261 0.204433497536946